  3.200000  5.120000  0.000169  0.000000
  6.200000  5.120000  0.000173  0.000000
  9.200000  5.120000  0.000175  0.000000
 12.200000  5.120000  0.000178  0.000000
 15.200000  5.120000  0.000180  0.000000
 18.200000  5.120000  0.000183  0.000000
 21.200000  5.120000  0.000186  0.000000
 24.200000  5.120000  0.000188  0.000000
 27.200000  5.120000  0.000193  0.000000
 30.200000  5.120000  0.000208  0.000003
 33.200000  5.120000  0.000343  0.000030
 36.200000  5.120000  0.001605  0.000289
 39.200000  5.120000  0.012624  0.002531
 42.200000  5.120000  0.100192  0.020091
 45.200000  5.120000  0.674640  0.133469
 48.200000  5.120000  2.657419  0.520001
 51.200000  5.120000  4.498956  0.877707
 54.200000  5.120000  5.011788  0.978271
 57.200000  5.120000  5.101937  0.996291
 60.200000  5.120000  5.116894  0.999347
 63.200000  5.120000  5.119445  0.999880
 66.200000  5.120000  5.119896  0.999977
 69.200000  5.120000  5.119979  0.999995
 72.200000  5.120000  5.119995  0.999999
