  3.200000  5.120000  0.000170  0.000033  0.000000
  6.200000  5.120000  0.000173  0.000034  0.000000
  9.200000  5.120000  0.000175  0.000034  0.000000
 12.200000  5.120000  0.000178  0.000035  0.000000
 15.200000  5.120000  0.000180  0.000035  0.000000
 18.200000  5.120000  0.000183  0.000036  0.000000
 21.200000  5.120000  0.000186  0.000036  0.000000
 24.200000  5.120000  0.000188  0.000037  0.000000
 27.200000  5.120000  0.000192  0.000038  0.000000
 30.200000  5.120000  0.000209  0.000041  0.000003
 33.200000  5.120000  0.000350  0.000068  0.000030
 36.200000  5.120000  0.001668  0.000326  0.000289
 38.200000  5.120000  0.006505  0.001271  0.001241
 39.200000  5.120000  0.013073  0.002553  0.002531
 40.200000  5.120000  0.026213  0.005120  0.005109
 41.200000  5.120000  0.052184  0.010192  0.010199
 42.200000  5.120000  0.102714  0.020061  0.020091
 43.200000  5.120000  0.198858  0.038839  0.038894
 44.200000  5.120000  0.375588  0.073357  0.073430
 45.200000  5.120000  0.682906  0.133380  0.133469
 46.200000  5.120000  1.172239  0.228953  0.229100
 47.200000  5.120000  1.855932  0.362487  0.362795
 48.200000  5.120000  2.659748  0.519482  0.520001
 49.200000  5.120000  3.437072  0.671303  0.671881
 50.200000  5.120000  4.061212  0.793205  0.793626
 51.200000  5.120000  4.492875  0.877515  0.877707
 53.200000  5.120000  4.919921  0.960922  0.960865
 54.200000  5.120000  5.009155  0.978351  0.978271
 55.200000  5.120000  5.058765  0.988040  0.987965
 56.200000  5.120000  5.086147  0.993388  0.993328
 57.200000  5.120000  5.101236  0.996335  0.996291
 58.200000  5.120000  5.109562  0.997961  0.997930
 59.200000  5.120000  5.114170  0.998861  0.998840
 60.200000  5.120000  5.116730  0.999361  0.999347
 63.200000  5.120000  5.119408  0.999884  0.999880
 66.200000  5.120000  5.119889  0.999978  0.999977
 69.200000  5.120000  5.119978  0.999996  0.999995
 72.200000  5.120000  5.119995  0.999999  0.999999
